  0.25000000000000000       0.20000000298023224       0.70506876410901209     
  0.75000000000000000       0.20000000298023224        1.0820261204033765     
   1.2500000000000000       0.20000000298023224      -0.19811335372457600     
   1.7500000000000000       0.20000000298023224      -0.73192647433165492     
   2.2500000000000000       0.20000000298023224       0.31554835664892644     
   2.7500000000000000       0.20000000298023224       0.32849457480041583     
   3.2500000000000000       0.20000000298023224        1.9169832752120892     
   3.7500000000000000        3.0000000000000000        3.0965480918593640     
   4.2500000000000000        3.0000000000000000        6.4148261480956137     
   4.7500000000000000        3.0000000000000000        4.2361588042126996     
   5.2500000000000000        3.0000000000000000        6.3015189371912594     
   5.7500000000000000        3.0000000000000000        8.4119416247732861     
   6.2500000000000000        3.0000000000000000        9.3507098683979617     
   6.7500000000000000       -1.0000000000000000        9.7046405901768509     
   7.2500000000000000       -1.0000000000000000        9.2430267073034802     
   7.7500000000000000       -1.0000000000000000        9.0533205774513608     
   8.2500000000000000       -1.0000000000000000        6.6098877224349666     
   8.7500000000000000       -1.0000000000000000        8.5244811512660750     
   9.2500000000000000       -1.0000000000000000        5.7594667021810020     
   9.7500000000000000       -1.0000000000000000        4.4564360700744974     
