   5.0000000000000003E-002  -7.1999999999999993        4.3999999999999986     
  0.14999999999999999       -5.2000000000000002        4.3999999999999986     
  0.25000000000000000       -1.1999999999999993        4.3999999999999986     
  0.34999999999999998       -2.4000000000000004        4.0000000000000000     
  0.45000000000000001       -3.0000000000000000        3.7999999999999989     
  0.55000000000000004       -3.1999999999999993        3.2000000000000011     
  0.65000000000000002       -3.3999999999999995        2.0000000000000000     
  0.75000000000000000       -3.3999999999999995        1.5999999999999996     
  0.84999999999999998       -6.0000000000000000        1.7999999999999989     
  0.94999999999999996       -5.5999999999999996        1.7999999999999989     
   1.0500000000000000       -5.5999999999999996       0.80000000000000071     
   1.1499999999999999       -5.5999999999999996       0.80000000000000071     
   1.2500000000000000       -5.5999999999999996       0.80000000000000071     
   1.3500000000000001       -5.3999999999999995        2.1999999999999993     
   1.4500000000000000       -5.3999999999999995        2.1999999999999993     
   1.5500000000000000       -5.2000000000000002        3.2000000000000011     
   1.6499999999999999       -4.5999999999999996        2.1999999999999993     
   1.7500000000000000       -4.0000000000000000        2.1999999999999993     
   1.8500000000000001       -3.7999999999999998        2.1999999999999993     
   1.9500000000000000       -3.5999999999999996        2.1999999999999993     
   2.0499999999999998       -3.3999999999999995        2.4000000000000004     
   2.1499999999999999      -0.79999999999999893        2.4000000000000004     
   2.2500000000000000      -0.40000000000000036        2.4000000000000004     
   2.3500000000000001      -0.40000000000000036        2.4000000000000004     
   2.4500000000000002      -0.40000000000000036        2.4000000000000004     
   2.5499999999999998      -0.40000000000000036        2.4000000000000004     
   2.6499999999999999      -0.40000000000000036        2.4000000000000004     
   2.7500000000000000      -0.40000000000000036        2.4000000000000004     
   2.8500000000000001      -0.40000000000000036        2.5999999999999996     
   2.9500000000000002      -0.19999999999999929        3.0000000000000000     
   3.0499999999999998      -0.19999999999999929        3.0000000000000000     
   3.1499999999999999      -0.19999999999999929        3.0000000000000000     
   3.2500000000000000        1.5999999999999996        3.0000000000000000     
   3.3500000000000001        1.5999999999999996        3.0000000000000000     
   3.4500000000000002        1.5999999999999996        3.0000000000000000     
   3.5499999999999998        1.5999999999999996        3.0000000000000000     
   3.6499999999999999        1.5999999999999996        3.0000000000000000     
   3.7500000000000000        1.5999999999999996        3.0000000000000000     
   3.8500000000000001        1.5999999999999996        3.0000000000000000     
   3.9500000000000002        1.5999999999999996        3.0000000000000000     
   4.0499999999999998        1.5999999999999996        3.0000000000000000     
   4.1500000000000004        1.5999999999999996        3.0000000000000000     
   4.2500000000000000        1.5999999999999996        3.0000000000000000     
   4.3499999999999996        1.5999999999999996        3.0000000000000000     
   4.4500000000000002        1.5999999999999996        3.0000000000000000     
   4.5499999999999998        1.5999999999999996        3.0000000000000000     
   4.6500000000000004        1.5999999999999996        3.0000000000000000     
   4.7500000000000000        1.5999999999999996        3.0000000000000000     
   4.8499999999999996        1.5999999999999996        3.0000000000000000     
   4.9500000000000002        1.5999999999999996        3.0000000000000000     
   5.0499999999999998        1.5999999999999996        3.0000000000000000     
   5.1500000000000004        1.5999999999999996        3.0000000000000000     
   5.2500000000000000        1.5999999999999996        3.0000000000000000     
   5.3499999999999996        1.5999999999999996        3.2000000000000011     
   5.4500000000000002        1.5999999999999996        3.2000000000000011     
   5.5499999999999998        1.7999999999999989        3.2000000000000011     
   5.6500000000000004        1.7999999999999989        3.2000000000000011     
   5.7500000000000000        1.7999999999999989        3.2000000000000011     
   5.8499999999999996        1.7999999999999989        3.2000000000000011     
   5.9500000000000002        1.7999999999999989        3.2000000000000011     
   6.0499999999999998        1.7999999999999989        3.2000000000000011     
   6.1500000000000004        1.5999999999999996        3.2000000000000011     
   6.2500000000000000        1.5999999999999996        3.2000000000000011     
   6.3499999999999996       -1.4000000000000004        3.2000000000000011     
   6.4500000000000002       -1.8000000000000007        3.2000000000000011     
   6.5499999999999998       -1.8000000000000007        3.6000000000000014     
   6.6500000000000004       -1.8000000000000007        3.7999999999999989     
   6.7500000000000000       -1.8000000000000007        3.7999999999999989     
   6.8499999999999996       -7.0000000000000000        4.1999999999999993     
   6.9500000000000002       -8.5999999999999996        4.1999999999999993     
   7.0499999999999998       -8.0000000000000000        3.7999999999999989     
   7.1500000000000004       -7.0000000000000000        3.2000000000000011     
   7.2500000000000000       -2.5999999999999996       0.40000000000000036     
   7.3499999999999996       -2.5999999999999996       0.40000000000000036     
   7.4500000000000002       -2.5999999999999996      -0.60000000000000142     
   7.5499999999999998       -2.5999999999999996      -0.79999999999999893     
   7.6500000000000004       -2.5999999999999996       -1.0000000000000000     
   7.7500000000000000       -2.4000000000000004       -1.0000000000000000     
   7.8499999999999996       -2.4000000000000004       -1.0000000000000000     
   7.9500000000000002       -2.4000000000000004       -1.0000000000000000     
   8.0500000000000007       -2.4000000000000004       -1.0000000000000000     
   8.1500000000000004       -2.4000000000000004       -1.0000000000000000     
   8.2500000000000000       -2.4000000000000004       -1.0000000000000000     
   8.3499999999999996       -2.5999999999999996       -1.0000000000000000     
   8.4499999999999993       -2.5999999999999996       -1.0000000000000000     
   8.5500000000000007       -2.5999999999999996       -1.0000000000000000     
   8.6500000000000004       -2.5999999999999996       -1.0000000000000000     
   8.7500000000000000       -2.5999999999999996       -1.0000000000000000     
   8.8499999999999996       -2.5999999999999996       -1.0000000000000000     
   8.9499999999999993       -2.8000000000000007       -1.0000000000000000     
   9.0500000000000007       -2.8000000000000007       -1.0000000000000000     
   9.1500000000000004       -3.1999999999999993       -1.0000000000000000     
   9.2500000000000000       -3.5999999999999996       -1.1999999999999993     
   9.3499999999999996       -4.2000000000000002       -1.1999999999999993     
   9.4499999999999993       -3.7999999999999998       -1.0000000000000000     
   9.5500000000000007       -3.7999999999999998       -1.0000000000000000     
   9.6500000000000004       -4.0000000000000000       -1.0000000000000000     
   9.7500000000000000       -4.2000000000000002       -1.0000000000000000     
   9.8499999999999996       -4.3999999999999995      -0.79999999999999893     
   9.9499999999999993       -4.3999999999999995       0.40000000000000036     
