   5.0000000000000003E-002  0.19202201696926580     
  0.14999999999999999       0.30472819083141006     
  0.25000000000000000       0.51267798759606209     
  0.34999999999999998       0.30325375066715238     
  0.45000000000000001       0.12884951771234920     
  0.55000000000000004      -0.10164355821605611     
  0.65000000000000002      -0.31195724156793192     
  0.75000000000000000      -0.53305196782484454     
  0.84999999999999998      -0.73022777811110129     
  0.94999999999999996      -0.81630295876524506     
   1.0500000000000000      -0.90190604947155051     
   1.1499999999999999       -1.0182191878768179     
   1.2500000000000000       -1.1010986876614723     
   1.3500000000000001      -0.70588735941750824     
   1.4500000000000000      -0.39287873812306823     
   1.5500000000000000       -8.2707108823647166E-002
   1.6499999999999999       0.11250865791293280     
   1.7500000000000000       0.42283174331522261     
   1.8500000000000001       0.57163012047298400     
   1.9500000000000000       0.70746194392298456     
   2.0499999999999998       0.86397809551795557     
   2.1499999999999999        1.0618950581137623     
   2.2500000000000000        1.2676823467931821     
   2.3500000000000001        1.3129596014518765     
   2.4500000000000002        1.3440760022875933     
   2.5499999999999998        1.3802112417358965     
   2.6499999999999999        1.4303972598003343     
   2.7500000000000000        1.4871420981532428     
   2.8500000000000001        1.6408142451317063     
   2.9500000000000002        1.8066139502938761     
   3.0499999999999998        1.9332387401513569     
   3.1499999999999999        2.0991510455728206     
   3.2500000000000000        2.2425798429432890     
   3.3500000000000001        2.2487008736842067     
   3.4500000000000002        2.2546857989212996     
   3.5499999999999998        2.2593162357200725     
   3.6499999999999999        2.2694589545597643     
   3.7500000000000000        2.2872192792503934     
   3.8500000000000001        2.2868750468978218     
   3.9500000000000002        2.2872281073249203     
   4.0499999999999998        2.2875446895188354     
   4.1500000000000004        2.2900785086736364     
   4.2500000000000000        2.2906549835403793     
   4.3499999999999996        2.2918051672059780     
   4.4500000000000002        2.2921340323193586     
   4.5499999999999998        2.2905391983187631     
   4.6500000000000004        2.2898314441419667     
   4.7500000000000000        2.2900344600948577     
   4.8499999999999996        2.3066422660387627     
   4.9500000000000002        2.3141997748085594     
   5.0499999999999998        2.3158393480243151     
   5.1500000000000004        2.3229617291313378     
   5.2500000000000000        2.3229867329152585     
   5.3499999999999996        2.3371877123913016     
   5.4500000000000002        2.3507778939942314     
   5.5499999999999998        2.3598453320403112     
   5.6500000000000004        2.3694431705219925     
   5.7500000000000000        2.3747775310988635     
   5.8499999999999996        2.3709632452852762     
   5.9500000000000002        2.3629387647176578     
   6.0499999999999998        2.3537638797788012     
   6.1500000000000004        2.3460115270549311     
   6.2500000000000000        2.3330373687913291     
   6.3499999999999996        2.1037218181212043     
   6.4500000000000002        1.9730736402299618     
   6.5499999999999998        1.9691326483802571     
   6.6500000000000004        1.9728822308341831     
   6.7500000000000000        1.9859151400814510     
   6.8499999999999996        1.0703703003236080     
   6.9500000000000002       0.25940742047972926     
   7.0499999999999998      -0.41304533598338500     
   7.1500000000000004      -0.99108558194001906     
   7.2500000000000000       -1.5517928370282841     
   7.3499999999999996       -1.5940565158581399     
   7.4500000000000002       -1.6421474278816635     
   7.5499999999999998       -1.6263477611582191     
   7.6500000000000004       -1.6271465572788142     
   7.7500000000000000       -1.6311462685552978     
   7.8499999999999996       -1.6331129110583837     
   7.9500000000000002       -1.6325546570452469     
   8.0500000000000007       -1.6319779403286248     
   8.1500000000000004       -1.6318527016098070     
   8.2500000000000000       -1.6356739328541634     
   8.3499999999999996       -1.6451605754172844     
   8.4499999999999993       -1.6501348848221895     
   8.5500000000000007       -1.6482426393682046     
   8.6500000000000004       -1.6500574293282495     
   8.7500000000000000       -1.6539217380430518     
   8.8499999999999996       -1.6680623074738594     
   8.9499999999999993       -1.6933050987663643     
   9.0500000000000007       -1.7293245580024881     
   9.1500000000000004       -1.7656552909362826     
   9.2500000000000000       -1.7966121978557725     
   9.3499999999999996       -1.8236412189047533     
   9.4499999999999993       -1.7982320757186014     
   9.5500000000000007       -1.7863376208209074     
   9.6500000000000004       -1.7868046823814216     
   9.7500000000000000       -1.8025704617741178     
   9.8499999999999996       -1.8054254825491438     
   9.9499999999999993       -1.7864441744427533     
