   5.0000000000000003E-002        2173
  0.14999999999999999             1731
  0.25000000000000000             2458
  0.34999999999999998             3227
  0.45000000000000001             2525
  0.55000000000000004             2397
  0.65000000000000002             2851
  0.75000000000000000             4184
  0.84999999999999998             2045
  0.94999999999999996             4152
   1.0500000000000000             2071
   1.1499999999999999             1509
   1.2500000000000000             3733
   1.3500000000000001             5482
   1.4500000000000000             6394
   1.5500000000000000             5707
   1.6499999999999999             5637
   1.7500000000000000             5223
   1.8500000000000001             2625
   1.9500000000000000             2680
   2.0499999999999998             2546
   2.1499999999999999             3042
   2.2500000000000000             2062
   2.3500000000000001              982
   2.4500000000000002             1342
   2.5499999999999998             1560
   2.6499999999999999             1660
   2.7500000000000000             2648
   2.8500000000000001             3054
   2.9500000000000002             3119
   3.0499999999999998             3248
   3.1499999999999999             3915
   3.2500000000000000             1647
   3.3500000000000001              366
   3.4500000000000002              238
   3.5499999999999998              270
   3.6499999999999999              221
   3.7500000000000000              373
   3.8500000000000001               99
   3.9500000000000002              158
   4.0499999999999998              167
   4.1500000000000004              112
   4.2500000000000000               96
   4.3499999999999996              408
   4.4500000000000002              371
   4.5499999999999998              293
   4.6500000000000004              306
   4.7500000000000000              484
   4.8499999999999996              593
   4.9500000000000002              495
   5.0499999999999998              512
   5.1500000000000004              430
   5.2500000000000000              341
   5.3499999999999996              260
   5.4500000000000002              585
   5.5499999999999998              243
   5.6500000000000004              622
   5.7500000000000000              357
   5.8499999999999996              379
   5.9500000000000002              761
   6.0499999999999998              550
   6.1500000000000004              672
   6.2500000000000000             1390
   6.3499999999999996             3022
   6.4500000000000002             2893
   6.5499999999999998             2166
   6.6500000000000004             2138
   6.7500000000000000             6531
   6.8499999999999996            10163
   6.9500000000000002            10733
   7.0499999999999998            10581
   7.1500000000000004            10515
   7.2500000000000000             5373
   7.3499999999999996             1169
   7.4500000000000002             1538
   7.5499999999999998              915
   7.6500000000000004              905
   7.7500000000000000              623
   7.8499999999999996              380
   7.9500000000000002              293
   8.0500000000000007              404
   8.1500000000000004              331
   8.2500000000000000              420
   8.3499999999999996              664
   8.4499999999999993              277
   8.5500000000000007              422
   8.6500000000000004              383
   8.7500000000000000              508
   8.8499999999999996              658
   8.9499999999999993              863
   9.0500000000000007             1160
   9.1500000000000004              677
   9.2500000000000000              801
   9.3499999999999996             1285
   9.4499999999999993              804
   9.5500000000000007              614
   9.6500000000000004              799
   9.7500000000000000              607
   9.8499999999999996             1158
   9.9499999999999993              908
