  0.49500000000000000        53.932161197581742     
   1.4850000000000001        53.932161197581742     
   2.4750000000000001        53.932161197581742     
   3.4649999999999999        53.932161197581742     
   4.4550000000000001        53.932161197581742     
   5.4450000000000003        53.932161197581742     
   6.4349999999999996        53.932161197581742     
   7.4249999999999998        53.932161197581742     
   8.4149999999999991        53.932161197581742     
   9.4049999999999994        53.932161197581742     
   10.395000000000000        53.932161197581742     
   11.385000000000000        53.932161197581742     
   12.375000000000000        53.932161197581742     
   13.365000000000000        53.932161197581742     
   14.355000000000000        53.932161197581742     
   15.345000000000001        53.932161197581742     
   16.335000000000001        53.932161197581742     
   17.324999999999999        53.932161197581742     
   18.315000000000001        53.932161197581742     
   19.305000000000000        53.932161197581742     
   20.295000000000002        53.932161197581742     
   21.285000000000000        53.932161197581742     
   22.274999999999999        53.932161197581742     
   23.265000000000001        53.932161197581742     
   24.254999999999999        53.932161197581742     
   25.245000000000001        53.932161197581742     
   26.234999999999999        53.932161197581742     
   27.225000000000001        53.932161197581742     
   28.215000000000000        53.932161197581742     
   29.204999999999998        53.932161197581742     
   30.195000000000000        53.932161197581742     
   31.184999999999999        53.932161197581742     
   32.174999999999997        53.932161197581742     
   33.164999999999999        53.932161197581742     
   34.155000000000001        53.932161197581742     
   35.145000000000003        53.932161197581742     
   36.134999999999998        53.932161197581742     
   37.125000000000000        53.932161197581742     
   38.115000000000002        53.932161197581742     
   39.104999999999997        53.932161197581742     
   40.094999999999999        53.932161197581742     
   41.085000000000001        53.932161197581742     
   42.075000000000003        53.932161197581742     
   43.064999999999998        53.932161197581742     
   44.055000000000000        53.932161197581742     
   45.045000000000002        53.932161197581742     
   46.034999999999997        53.932161197581742     
   47.024999999999999        53.932161197581742     
   48.015000000000001        53.932161197581742     
   49.005000000000003        53.932161197581742     
   49.994999999999997        53.932161197581742     
   50.984999999999999        53.932161197581742     
   51.975000000000001        53.932161197581742     
   52.965000000000003        53.932161197581742     
   53.954999999999998        53.932161197581742     
   54.945000000000000        53.932161197581742     
   55.935000000000002        53.932161197581742     
   56.924999999999997        53.932161197581742     
   57.914999999999999        53.932161197581742     
   58.905000000000001        53.932161197581742     
   59.895000000000003        53.932161197581742     
   60.884999999999998        53.932161197581742     
   61.875000000000000        53.932161197581742     
   62.865000000000002        53.932161197581742     
   63.854999999999997        53.932161197581742     
   64.844999999999999        53.932161197581742     
   65.834999999999994        53.932161197581742     
   66.825000000000003        53.932161197581742     
   67.814999999999998        53.932161197581742     
   68.805000000000007        53.932161197581742     
   69.795000000000002        53.932161197581742     
   70.784999999999997        53.932161197581742     
   71.775000000000006        53.932161197581742     
   72.765000000000001        53.932161197581742     
   73.754999999999995        53.932161197581742     
   74.745000000000005        53.932161197581742     
   75.734999999999999        53.932161197581742     
   76.724999999999994        53.932161197581742     
   77.715000000000003        53.932161197581742     
   78.704999999999998        53.932161197581742     
   79.694999999999993        53.932161197581742     
   80.685000000000002        53.932161197581742     
   81.674999999999997        53.932161197581742     
   82.665000000000006        53.932161197581742     
   83.655000000000001        53.932161197581742     
   84.644999999999996        53.932161197581742     
   85.635000000000005        53.932161197581742     
   86.625000000000000        53.932161197581742     
   87.614999999999995        53.932161197581742     
   88.605000000000004        53.932161197581742     
   89.594999999999999        53.932161197581742     
   90.584999999999994        53.932161197581742     
   91.575000000000003        53.932161197581742     
   92.564999999999998        53.932161197581742     
   93.555000000000007        53.932161197581742     
   94.545000000000002        53.932161197581742     
   95.534999999999997        53.932161197581742     
   96.525000000000006        53.932161197581742     
   97.515000000000001        53.932161197581742     
   98.504999999999995        53.932161197581742     
