80.0100000000000
79.5400000000000
79.1400000000000
78.8100000000000
78.5900000000000
78.5100000000000
78.5000000000000
78.8000000000000
80.6000000000000
82.9000000000000
83.9000000000000
87.3000000000000
86.7000000000000
88.9000000000000
88.2000000000000
85.9000000000000
85.1000000000000
86.4000000000000
85.7000000000000
85.5000000000000
85.4000000000000
85.5000000000000
87.4000000000000
87.2000000000000
88.8000000000000
89
89.6000000000000
88.5000000000000
87.5000000000000
87.1000000000000
85.4000000000000
85.2000000000000
84.7000000000000
85
84.8000000000000
83.5000000000000
86.6000000000000
87.2000000000000
88.5000000000000
89.5000000000000
89
88.9000000000000
87.8000000000000
87.5000000000000
86.2000000000000
86.5000000000000
88
88.7000000000000
88.6000000000000
88.8000000000000
88.6000000000000
87.6000000000000
87.8000000000000
88.1000000000000
88.2000000000000
87.9000000000000
87.7000000000000
88.6000000000000
88.1000000000000
86.8000000000000
86.1000000000000
86
85.3000000000000
84.2000000000000
82
81.7000000000000
82.7000000000000
84.1000000000000
84.5000000000000
85.1000000000000
85.7000000000000
86.7000000000000
87.8000000000000
87.4000000000000
87.2000000000000
87.2000000000000
