287.780000000000
288.430000000000
288.870000000000
289.240000000000
289.820000000000
290.530000000000
291.200000000000
295.700000000000
305.300000000000
318.500000000000
346.200000000000
312
267.900000000000
122.600000000000
129.600000000000
93.9000000000000
87.1000000000000
91.9000000000000
87.9000000000000
54.8000000000000
52.2000000000000
38.9000000000000
55.8000000000000
47.8000000000000
24.2000000000000
359.600000000000
255.400000000000
344.700000000000
314.700000000000
344.200000000000
7.20000000000000
38
26.5000000000000
45.2000000000000
63
77.9000000000000
80.8000000000000
112.300000000000
129.500000000000
87.4000000000000
11.9000000000000
306.500000000000
258.400000000000
269.400000000000
299.700000000000
299.300000000000
297.700000000000
299.200000000000
290.500000000000
295.400000000000
224.500000000000
203.300000000000
196.400000000000
169.200000000000
167.400000000000
184.300000000000
178.100000000000
182.500000000000
238.800000000000
227.100000000000
237.500000000000
252.500000000000
276.800000000000
282.900000000000
283.800000000000
284.400000000000
304.900000000000
323.900000000000
314.700000000000
295.700000000000
262.600000000000
232.400000000000
203.800000000000
253.300000000000
264.800000000000
260.700000000000
